$ANSIBLE_VAULT;1.1;AES256
66616133343739353964363531623730616431333034316330666164363466303530613634616163
3263333862633465313261633661663434373735386432630a393639616465323766623731343934
38663464666437393931383330613230623265353161343030333565633166613061326339626166
3830386163353734380a303331306139366438636131383336616431393136326535303732376564
34376331383731613130343134663038303064313435646631633930656233303933326332646136
66333438623733313837363465353461633064326536393864313432386530623463613931373639
32353230656339616335623339366336316266353166343532346465343635383330663961636531
35633538343236666661346334316334666432386432373638653963663439306364366632323639
62313438303037653832613839333733303233336637656137353337326638623937666638646536
37336534333363626130626535333365616233336332373666373766343764613731396132303832
63623238306462623165396534643538323462366630373865646164396138386265393432313537
35323062383234346238646532626662396162313031613034346637396134363338613538393335
61343133346331386466646235343966663363363561333937303266633665636366636233623061
66646262353337613932643563626436643636613938313839636632623033663439373763636134
36386462666266316464613962623830653935643862326564323636373061306263333431663933
65333931626237376366393732616661393238343234653565323532663633636131656536653765
35353666663531643937663964346264346335393534323931386236323861613530326537333632
64643536633036306463373434643262306263373936656531616161613965363063653638303734
37386664663662346163643730323531393733373634313165643361343064643239386137363631
31356334346333663339653864363235643430373962343932616534643166313732623563383662
34616638366233373166626663333662323634343866393032356131393534383530656634653137
30613262386239363133656164336532306463343734346665326137386662303131646261353533
65393763316334333263643735353334376632343863633863303237366538323163666233363336
64343532613461333530356261306235366531613964326365343339646238313432346531643939
65316639636330616237616331336336346263313532316462636539306335383131393534613630
66356534393233643834396566336436383866613431383632626334343962306563623833636564
30333530313532313463313039313938306664303264343464653337666432643532373334643338
36326436336131646365393236363137353339333632323338333534306335623362303136626562
38343433313761326539666437663931323234373365396630353738653234306639326637633339
66656430653535666635313737383637343433356264613062643866326238623065343135323361
62636630303266646466396462663139353737326464373863646439313765366462333430303561
39363861636432313333313665303131616534346261363136633532613538346539373531653363
66333737343165373933343634633531396235386237356635616130396662326630323863316434
39363339636536643637313663626131616363333430653638636266393661306336383434636638
34376533366636383938383864636235333830643631343965346133323166383032316139623666
39643065626433366438363737376638306633336538316438313365353864386636353866336263
31616139356464653338653535626330333638386562316536616339313762393834656330393664
61346161316337636263306264393333656339633939616338626233396137613036653436653030
36386561363461336133623637336261643434373432383930663037613739373836326466613338
64633033303039363961383736646632326339346633396131363533383765343336323036396235
66353739353038366361313132386536323161373332393836623966383265663963363935323062
38353337316433353833366464396436366661383732613934323839646631393737356662613137
64346239643637303338666130346164333763613538663863666134393863386466626333663431
65326534343536656137363361663630383864663533623032636432616436636537656136353031
32323266383239666433626530623265616436373730346332623564306437646135623662656635
38356161663462643435666135386431643839303165323463303165663466656537633138383163
30626363643333623638373665666235303062343633376535326133376561346464316366333165
31363439643365643437613265616432616134303337666130323162306531613966346335353066
66653764313938623963663263646336633163623534313831386138656535646234663061356661
37613031386561633730333535333433626363663533316436396661363735656532303536663166
35376438336331323435333032366361333262663364646662623030326135373666383036613332
39383536386437333132633061636563643331656237343136613033656630313866343631306634
66356231643935656464646665613635386636373132323162643334636338633664626464376231
61633064366364313836346334366434336433663065643738343937323231303662656162646130
31386334656564383632633233623636653934366438306533303931323836323864663839626562
64653331363139333331663139306132663466326163653136336335353664616465346561376662
34373065623261336264643330616666336563646434376138653138636236343137363165303762
64356132636330386137303763623963333837313330656131613032333766316462643435666638
64363566646165323836386564303930356239336264666663383233303863616462633563303866
35303734353262313766393331363232646537623134316134323366306432306661613736396634
64313631366333306565643438393430396135613932333937626261313066623835363135633839
65623965356437303133646361343163333063356566313232653733333264303233653232363033
38653638633632326133623935616161633761633462326138373566333662396138663065313335
62383066303863636233333761303536393438393266663931303030326361396238363963343834
33396431316439313966623063663731383065363161663462343536313232613434636162363764
66643362303439353131623132613735323638343835343438346433643132643964613232326563
36363236663962313231616165383264653032313762356262623662383433353336656534333039
32616437373263363466343766333638616261363139333762633339633431316235316130346161
36363864323732393333656235653534383065633734303633323937663463303934323365633138
66306165363134396262326236333637306330633634333533623034653538666461663339373964
33316233373339633764333562663331636331643738663039666238303862636330653939653166
37383133336334666232366435393531613738626264653437303861393232376232613666356465
36393236656361326263643135316339613132643633653235363534326561396334363436366461
63386134383862623364613261396236356462633463336439663063336637333966333039326166
62366430643032313734336533623561663165336235626261383735343561316238313030386166
39363561656334336530356266316335346261643637653839306536306537336332626632306166
62656530373331343635623935326236333038343263643336393231653531323862616438336133
63336563336532316562336631383864656161393639393832333263663030343264313465376665
30393461303534643161323237663339626337353538333930333336306133613831653337656331
35626262656638363363383262386664383462366534346637313565373130316162363662623062
37643761376538336363646136363039323238613261373537363266663063323630333135343830
35643035326466373861356464636438623839336430623133336338373538306532303661666536
34333063346566643330353562346537653631303766343231616139386633343662386161636533
37356631666565373939326430376132656236323064333833373136663634393431326135623638
36343839313435323462386466303131616564646263316633376639373364383738363839386661
63373934666564323934613137323932653533636233613035356238306231343932313166643838
30306161313132623232343434383766306365323231653432373763376439366263373330303537
39333836623339643437653338306533396666393937326466343361626361383863316639346466
35313833623661643133313734616363323138393634633833333366616530363738333130636532
63353833336130326333316136636461353861303938666163326333663435323466313839343039
65373131313464346165333737643139666332643135346337643134363562623132373835663038
65323535396633336261333332306266313137376563656564646265333465323262336436616563
65636364313236353237313563366338643837646264373265623237333363623732316562663132
64353266326466333264363133363334356635353530323465663239346236616634666431333066
66353063353533356361616132373731623235323939626563386563656437653637356365623665
66366432633363373234363235363462633064383230646666303733353235313133343131343465
31313636653538353730323839313838623936613234666238303334623036393732373435373036
37326633313735623162333834393934323931626164633666366531356434656637616239663231
32616535336439643761323336366236633335303063353731333462353864373630643533333135
64393130396238313665343838316134623931643965326430616665616138366262643664636364
35313030366239653838646530346236393761613630316139326162373530663962343430343138
61363162366564336337346231396362313263353833373664326265316366366232623339613765
32396666393265303163396164356631316339383435633262633637663865303232643962323035
32343135666364353235326235343762646632393837333237313263373562353130343933643931
63393632623434346439663335326562343034613532343337383665643132653534316562303435
30326133386233623065613137366436636162363663663437383836353138633337303065323835
62356331356364316562336236613866383061323236363165656262336366383230353361373531
37353361383435663066343666613939396233663939306630636132613864343965643962636432
38393836396562333333633632303332633132633866386564616438353730346365303933303863
64643934353462393433303862313732386433376366333166613363663463346531643836656637
64333536323663656136613262613938323030623061363738336635366635613230353965333833
33626630626339336538616538316666383233643032666536396462343737626530313536633435
30373065386632313562366233663039383935666465616431646665376139666132616536363937
33323163393563383465636232363231653461643832373935326664303862333265353135363261
316361653738376237316165383661623635
